1 1 0 -0.203582
0
3.2
-19.2357 19.4393 74.4443
-40.519 40.7226 78.9258
-32.9452 33.1488 77.0477
-33.6597 33.8633 77.9092
13
15
D:/Documents/Downloads/3D tm Print/ModelsRepo/HeadRes.obj
1 1 0 -0.203582
0
3.4
-19.5265 19.7301 74.3066
-40.5701 40.7737 78.7972
-33.0201 33.2236 76.7962
-33.8586 34.0622 77.8015
13
18
D:/Documents/Downloads/3D tm Print/ModelsRepo/HeadRes.obj
1 1 0 -0.203582
0
5.2
53.4105 -53.2069 -49.6508
53.2815 -53.078 -49.2061
51.9855 -51.782 -62.8813
53.4047 -53.2011 -49.3836
4
5
D:/Documents/Downloads/3D tm Print/ModelsRepo/HeadRes.obj
1 1 0 -0.203582
0
5.4
53.4609 -53.2574 -49.2515
53.4338 -53.2303 -49.1589
52.1626 -51.9591 -62.8418
53.4597 -53.2561 -49.1959
4
5
D:/Documents/Downloads/3D tm Print/ModelsRepo/HeadRes.obj
1 1 0 95.7708
0
8
-54.0151 -41.7557 -30.6707
-54.0151 -41.7557 -30.7291
-54.0151 -41.7557 -30.6707
-54.1404 -41.6304 -30.6201
6
7
D:/Documents/Downloads/3D tm Print/ModelsRepo/HeadRes.obj
1 1 0 95.7708
0
8.2
-54.0151 -41.7557 -30.8001
-54.0151 -41.7557 -30.9563
-54.0151 -41.7557 -30.8001
-54.0151 -41.7557 -30.8001
6
7
D:/Documents/Downloads/3D tm Print/ModelsRepo/HeadRes.obj
1 1 0 95.7708
0
8.4
-54.0151 -41.7557 -30.9296
-54.0151 -41.7557 -31.1842
-54.0151 -41.7557 -30.9296
-54.5568 -41.2139 -30.7153
6
7
D:/Documents/Downloads/3D tm Print/ModelsRepo/HeadRes.obj
1 1 0 95.7708
0
8.6
-54.0151 -41.7557 -31.0595
-54.0151 -41.7557 -31.4127
-54.0151 -41.7557 -31.0595
-54.7641 -41.0067 -30.7662
6
7
D:/Documents/Downloads/3D tm Print/ModelsRepo/HeadRes.obj
